   2.2713447675780394     
   1.8088974620374176E-007
   3.6850517003595868E-007
   7.3098803984048325E-007
   1.4187353716400928E-006
   2.7002672283328093E-006
   5.0455732350864736E-006
   9.2609403694793469E-006
   1.6701835563057727E-005
   2.9600713608916243E-005
   5.1558822332347511E-005
   8.8264261065080802E-005
   1.4851072862655753E-004
   2.4559940404242494E-004
   3.9920547643315044E-004
   6.3777443336329677E-004
   1.0014752152643115E-003
   1.5456685677636025E-003
   2.3447471284756497E-003
   3.4960635018094184E-003
   5.1234958542921896E-003
   7.3800175554045505E-003
   1.0448460827988417E-002
   1.4539558877991391E-002
   1.9886306523412993E-002
   2.6733821898791584E-002
   3.5324172646431062E-002
   4.5876150092638346E-002
   5.8560662233088076E-002
   7.3473209374585000E-002
   9.0605825233818327E-002
  0.10982146673933299     
  0.13083453741376017     
  0.15320100609330745     
  0.17632134001268415     
  0.19945833570629801     
  0.22177037727784912     
  0.24235887824530342     
  0.26032649943038977     
  0.27484123448322956     
  0.28519994936612647     
  0.29088483230499085     
  0.29160623388498308     
  0.28732717762946092     
  0.27826648315628011     
  0.26488030701829296     
  0.24782414968231303     
  0.22789983782238693     
  0.20599352765972576     
  0.18301135168939328     
  0.15981946536157809     
  0.13719382203940947     
  0.11578392115837807     
   9.6092416250456891E-002
   7.8470908462173861E-002
   6.3130672083688985E-002
   5.0165718545881179E-002
   3.9585317845378207E-002
   3.1352890803176180E-002
   2.5428462821087960E-002
   2.1812536161802360E-002
   2.0589575436913331E-002
   2.1969732381451341E-002
   2.6327350508284896E-002
   3.4234410862183616E-002
   4.6486308462566607E-002
   6.4116354832578770E-002
   8.8394414571844757E-002
  0.12080432603404691     
  0.16299474100658851     
  0.21669875634433522     
  0.28361982211733844     
  0.36528459106587069     
  0.46286799365338788     
  0.57700076754649021     
  0.70757517920415358     
  0.85356937841899017     
   1.0129132519896542     
   1.1824196068818198     
   1.3578008876930490     
   1.5337857055722897     
   1.7043393141529970     
   1.8629808909771968     
   2.0031769758456921     
   2.1187803420716160     
   2.2044730857347559     
   2.2561708998001135     
   2.2713447675780394     
   2.2492260310511920     
   2.1908708638061811     
   2.0990768387032457     
   1.9781611331264908     
   1.8336240002723418     
   1.6717350358999337     
   1.4990844023729935     
   1.3221446114124522     
   1.1468815538103423     
  0.97844695209267218     
  0.82097009966181822     
  0.67745560209395084     
  0.54978117808476457     
  0.43877960056797899     
  0.34438365544104593     
  0.26580931045707368     
  0.20175367980409217     
  0.15058734877198121     
  0.11052574427316099     
   7.9769827947543115E-002
   5.6611741434104808E-002
   3.9505683857336410E-002
   2.7107566712545543E-002
   1.8289094001121116E-002
   1.2132702233749976E-002
   7.9137016954306891E-003
   5.0751842860587877E-003
   3.2001275886005803E-003
   1.9838983395518432E-003
   1.2092091063283530E-003
   7.2461304972394613E-004
   4.2689963993588960E-004
   2.4725837486226822E-004
   1.4078928873124621E-004
   7.8806867709621105E-005
   4.3361719121808434E-005
   2.3450347919342700E-005
   1.2462535153199467E-005
   6.5060272304442187E-006
   3.3339814900124613E-006
   1.6746346959519994E-006
   8.2204216570201952E-007
   3.9185534370655186E-007
   1.7880371715814044E-007
   7.5334424609529178E-008
   2.6156820976940120E-008
   3.3809714698756469E-009
  -6.7985659952443252E-009
  -1.1087044451971165E-008
  -1.2680140274538074E-008
  -1.3072567574568709E-008
  -1.2948921112016026E-008
  -1.2616989023312833E-008
  -1.2211507733567630E-008
  -1.1789943483608852E-008
  -1.1375777025809986E-008
  -1.0977792051367829E-008
  -1.0598508396067782E-008
  -1.0238129827174083E-008
  -9.8960346120587573E-009
  -9.5710820031209787E-009
  -9.2622356983771704E-009
  -8.9685664057023150E-009
